TOY cavity L=2.93 Vb=3 WB=1.5 ; FP modes ~ pi/L=1.072, 2pi/L=2.144
resonance delay peaks (w, tau M, tau/2L):
  w=0.4400 tau=58.05  tau/2L=9.91  (n=wL/pi=0.41)
  w=0.4550 tau=10.08  tau/2L=1.72  (n=wL/pi=0.42)
  w=1.3150 tau=197.51  tau/2L=33.71  (n=wL/pi=1.23)
  w=2.0950 tau=19.21  tau/2L=3.28  (n=wL/pi=1.95)

================================================================================
TUFT c_m=-0.5 d=0 r_h=0.7071 L=1.544 ; decompose at s_m=110.83 (V=6.0e-04), ref=wall
================================================================================
  w       phi       tau(M)     tau/2L    note
  0.300   -0.191    -6.870     -2.22     
  0.315   -0.301    -7.477     -2.42     
  0.330   -0.401    -6.179     -2.00     
  0.345   -0.500    -6.625     -2.15     
  0.360   -0.588    -5.572     -1.80     
  0.375   -0.677    -5.826     -1.89     <- GR QNM Re
  0.390   -0.754    -4.984     -1.61     
  0.405   -0.833    -5.062     -1.64     
  0.420   -0.901    -4.403     -1.43     
  0.435   -0.969    -4.320     -1.40     
  0.450   -1.027    -3.823     -1.24     
  0.465   -1.086    -3.591     -1.16     
  0.480   -1.134    -3.233     -1.05     
  0.495   -1.183    -2.869     -0.93     
  0.525   -1.259    -2.145     -0.69     
  0.540   -1.288    -1.985     -0.64     
  0.555   -1.316    -1.415     -0.46     
  0.570   -1.335    -1.304     -0.42     
  0.585   -1.350    -0.667     -0.22     
  0.600   -1.359    -0.566     -0.18     
  0.615   -1.363    0.111      0.04      
  0.630   -1.360    0.246      0.08      
  0.645   -1.351    0.939      0.30      
  0.660   -1.336    1.157      0.37      
  0.675   -1.313    1.849      0.60      
  0.690   -1.283    2.203      0.71      
  0.705   -1.244    2.898      0.94      
  0.720   -1.198    3.448      1.12      
  0.735   -1.139    4.182      1.35      
  0.750   -1.072    5.009      1.62      
  0.765   -0.989    5.887      1.91      
  0.780   -0.893    7.130      2.31      
  0.795   -0.776    8.395      2.72      
  0.810   -0.637    10.352     3.35      
  0.825   -0.466    12.570     4.07      
  0.840   -0.253    15.970     5.17      
  0.855   0.017     20.412     6.61      
  0.870   0.369     26.758     8.67      
  0.885   0.828     34.863     11.29     
  0.900   1.413     42.679     13.82     <- sqrt(Vmax)
  0.915   2.090     46.135     14.94     
  0.930   2.761     42.230     13.68     
  0.945   3.339     34.439     11.15     
  0.970   4.048     23.190     7.51      
  1.000   4.614     15.623     5.06      
  1.030   5.020     11.927     3.86      
  1.060   5.345     9.944      3.22      
  1.090   5.623     8.736      2.83      
  1.120   5.872     7.901      2.56      
  1.150   6.098     7.259      2.35      
  1.180   6.308     6.726      2.18      
  1.210   6.502     6.264      2.03      
  1.240   6.684     5.854      1.90      
  max|tau|=46.14 M at 0.915 (tau/2L=14.94); toy shows tall peaks at modes -> flat here = no cavity mode

================================================================================
TUFT c_m=-0.29 d=-0.05 r_h=0.6099 L=2.931 ; decompose at s_m=112.54 (V=6.0e-04), ref=wall
================================================================================
  w       phi       tau(M)     tau/2L    note
  0.300   -1.207    -10.227    -1.74     
  0.315   -1.368    -10.825    -1.85     
  0.330   -1.517    -9.527     -1.63     
  0.345   -1.667    -9.964     -1.70     
  0.360   -1.805    -8.911     -1.52     
  0.375   -1.944    -9.154     -1.56     <- GR QNM Re
  0.390   -2.071    -8.313     -1.42     
  0.405   -2.200    -8.378     -1.43     
  0.420   -2.317    -7.723     -1.32     
  0.435   -2.436    -7.624     -1.30     
  0.450   -2.543    -7.131     -1.22     
  0.465   -2.651    -6.882     -1.17     
  0.480   -2.749    -6.528     -1.11     
  0.495   -2.847    -6.145     -1.05     
  0.525   -3.022    -5.408     -0.92     
  0.540   -3.100    -5.250     -0.90     
  0.555   -3.176    -4.662     -0.80     
  0.570   -3.243    -4.551     -0.78     
  0.585   -3.308    -3.899     -0.67     
  0.600   -3.365    -3.796     -0.65     
  0.615   -3.417    -3.109     -0.53     
  0.630   -3.463    -2.967     -0.51     
  0.645   -3.502    -2.271     -0.39     
  0.660   -3.535    -2.045     -0.35     
  0.675   -3.559    -1.359     -0.23     
  0.690   -3.578    -0.999     -0.17     
  0.705   -3.587    -0.324     -0.06     
  0.720   -3.589    0.224      0.04      
  0.735   -3.579    0.920      0.16      
  0.750   -3.561    1.728      0.29      
  0.765   -3.528    2.553      0.44      
  0.780   -3.482    3.770      0.64      
  0.795   -3.416    5.031      0.86      
  0.810   -3.326    7.127      1.22      
  0.825   -3.200    9.889      1.69      
  0.840   -3.018    15.050     2.57      
  0.855   -2.729    25.176     4.29      
  0.870   -2.199    50.249     8.57      
  0.885   -1.071    103.969    17.73     
  0.900   0.626     97.929     16.70     <- sqrt(Vmax)
  0.915   1.675     47.603     8.12      
  0.930   2.200     26.537     4.53      
  0.945   2.525     18.352     3.13      
  0.970   2.909     13.514     2.31      
  1.000   3.282     11.724     2.00      
  1.030   3.622     11.083     1.89      
  1.060   3.947     10.648     1.82      
  1.090   4.260     10.163     1.73      
  1.120   4.556     9.594      1.64      
  1.150   4.835     8.979      1.53      
  1.180   5.096     8.364      1.43      
  1.210   5.338     7.781      1.33      
  1.240   5.563     7.245      1.24      
  max|tau|=115.78 M at 0.890 (tau/2L=19.75); toy shows tall peaks at modes -> flat here = no cavity mode

Done.
