========================================================================================
TUFT wall c_m=-0.5 d=0 | r_h=0.7071 M  L(wall->r=1)=1.543  2L=3.087 M = 0.456 ms @30Msun
========================================================================================
flux/|r| self-check (both must be ~0 = perfect reflection), and s_out 80 vs 120 convergence:
  w       ||r|-1|80   ||r|-1|120  d(arg)      flux80      flux120    
  0.150   1.11e-16    0.00e+00    1.92e-02    0.00e+00    0.00e+00   
  0.200   0.00e+00    0.00e+00    1.02e-02    0.00e+00    0.00e+00   
  0.250   0.00e+00    1.11e-16    6.33e-03    0.00e+00    0.00e+00   
  0.300   0.00e+00    0.00e+00    4.31e-03    0.00e+00    0.00e+00   
  0.330   0.00e+00    1.11e-16    3.54e-03    0.00e+00    0.00e+00   
  0.350   0.00e+00    1.11e-16    3.13e-03    0.00e+00    0.00e+00   
  0.370   1.11e-16    0.00e+00    2.79e-03    0.00e+00    0.00e+00   
  0.390   1.11e-16    1.11e-16    2.50e-03    0.00e+00    0.00e+00   
  0.410   0.00e+00    2.22e-16    2.26e-03    0.00e+00    0.00e+00   
  0.430   1.11e-16    1.11e-16    2.05e-03    0.00e+00    0.00e+00   
  0.450   1.11e-16    0.00e+00    1.87e-03    0.00e+00    0.00e+00   
  0.550   0.00e+00    1.11e-16    1.24e-03    0.00e+00    0.00e+00   
  0.650   1.11e-16    0.00e+00    8.81e-04    0.00e+00    0.00e+00   
  0.750   0.00e+00    0.00e+00    6.59e-04    0.00e+00    0.00e+00   
  0.850   0.00e+00    1.11e-16    5.11e-04    0.00e+00    0.00e+00   
  0.870   2.22e-16    1.11e-16    4.88e-04    0.00e+00    0.00e+00   
  0.890   0.00e+00    0.00e+00    4.66e-04    0.00e+00    0.00e+00   
  0.910   0.00e+00    1.11e-16    4.45e-04    0.00e+00    0.00e+00   
  0.930   0.00e+00    0.00e+00    4.26e-04    0.00e+00    0.00e+00   
  0.950   0.00e+00    1.11e-16    4.08e-04    0.00e+00    0.00e+00   
  1.000   2.22e-16    1.11e-16    3.68e-04    0.00e+00    0.00e+00   
  1.100   1.11e-16    0.00e+00    3.04e-04    0.00e+00    0.00e+00   
  1.200   0.00e+00    0.00e+00    2.55e-04    0.00e+00    0.00e+00   

  w       arg(unw)   tau(M)      tau/2L    note
  0.150   -1.559     -0.133      -0.04     
  0.175   -1.562     -0.109      -0.04     
  0.200   -1.564     -0.071      -0.02     
  0.225   -1.566     -0.049      -0.02     
  0.250   -1.567     -0.035      -0.01     
  0.275   -1.567     -0.026      -0.01     
  0.300   -1.568     -0.020      -0.01     
  0.320   -1.568     -0.016      -0.01     
  0.330   -1.568     -0.015      -0.00     
  0.340   -1.569     -0.013      -0.00     
  0.350   -1.569     -0.012      -0.00     
  0.360   -1.569     -0.011      -0.00     
  0.370   -1.569     -0.010      -0.00     <- GR QNM Re 0.3737
  0.380   -1.569     -0.010      -0.00     <- GR QNM Re 0.3737
  0.390   -1.569     -0.009      -0.00     
  0.400   -1.569     -0.008      -0.00     
  0.410   -1.569     -0.008      -0.00     
  0.420   -1.569     -0.007      -0.00     
  0.430   -1.569     -0.007      -0.00     
  0.440   -1.569     -0.006      -0.00     
  0.450   -1.570     -0.006      -0.00     
  0.500   -1.570     -0.004      -0.00     
  0.550   -1.570     -0.003      -0.00     
  0.600   -1.570     -0.002      -0.00     
  0.650   -1.570     -0.002      -0.00     
  0.700   -1.570     -0.002      -0.00     
  0.750   -1.570     -0.001      -0.00     
  0.800   -1.570     -0.001      -0.00     
  0.850   -1.570     -0.001      -0.00     
  0.860   -1.570     -0.001      -0.00     
  0.870   -1.570     -0.001      -0.00     
  0.880   -1.570     -0.001      -0.00     
  0.890   -1.570     -0.001      -0.00     <- sqrt(Vmax)=0.9011
  0.900   -1.570     -0.001      -0.00     <- sqrt(Vmax)=0.9011
  0.910   -1.570     -0.001      -0.00     <- sqrt(Vmax)=0.9011
  0.920   -1.570     -0.001      -0.00     
  0.930   -1.571     -0.001      -0.00     
  0.940   -1.571     -0.001      -0.00     
  0.950   -1.571     -0.001      -0.00     
  0.960   -1.571     -0.001      -0.00     
  1.000   -1.571     -0.001      -0.00     
  1.050   -1.571     -0.000      -0.00     
  1.100   -1.571     -0.000      -0.00     
  1.150   -1.571     -0.000      -0.00     
  1.200   -1.571     -0.000      -0.00     

  max|tau|=0.13 M at w=0.150 (tau/2L=0.04).
========================================================================================
TUFT wall c_m=-0.29 d=-0.05 | r_h=0.6099 M  L(wall->r=1)=2.932  2L=5.864 M = 0.867 ms @30Msun
========================================================================================
flux/|r| self-check (both must be ~0 = perfect reflection), and s_out 80 vs 120 convergence:
  w       ||r|-1|80   ||r|-1|120  d(arg)      flux80      flux120    
  0.150   0.00e+00    2.22e-16    2.05e-02    0.00e+00    0.00e+00   
  0.200   0.00e+00    0.00e+00    1.08e-02    0.00e+00    0.00e+00   
  0.250   1.11e-16    1.11e-16    6.73e-03    0.00e+00    0.00e+00   
  0.300   0.00e+00    1.11e-16    4.59e-03    0.00e+00    0.00e+00   
  0.330   0.00e+00    0.00e+00    3.76e-03    0.00e+00    0.00e+00   
  0.350   0.00e+00    0.00e+00    3.33e-03    0.00e+00    0.00e+00   
  0.370   0.00e+00    0.00e+00    2.97e-03    0.00e+00    0.00e+00   
  0.390   1.11e-16    2.22e-16    2.66e-03    0.00e+00    0.00e+00   
  0.410   0.00e+00    1.11e-16    2.40e-03    0.00e+00    0.00e+00   
  0.430   2.22e-16    0.00e+00    2.18e-03    0.00e+00    0.00e+00   
  0.450   0.00e+00    0.00e+00    1.98e-03    0.00e+00    0.00e+00   
  0.550   1.11e-16    1.11e-16    1.32e-03    0.00e+00    0.00e+00   
  0.650   0.00e+00    0.00e+00    9.36e-04    0.00e+00    0.00e+00   
  0.750   1.11e-16    1.11e-16    7.00e-04    0.00e+00    0.00e+00   
  0.850   1.11e-16    1.11e-16    5.43e-04    0.00e+00    0.00e+00   
  0.870   1.11e-16    0.00e+00    5.18e-04    0.00e+00    0.00e+00   
  0.890   1.11e-16    1.11e-16    4.95e-04    0.00e+00    0.00e+00   
  0.910   0.00e+00    0.00e+00    4.73e-04    0.00e+00    0.00e+00   
  0.930   0.00e+00    0.00e+00    4.53e-04    0.00e+00    0.00e+00   
  0.950   0.00e+00    2.22e-16    4.34e-04    0.00e+00    0.00e+00   
  1.000   0.00e+00    0.00e+00    3.91e-04    0.00e+00    0.00e+00   
  1.100   0.00e+00    0.00e+00    3.23e-04    0.00e+00    0.00e+00   
  1.200   1.11e-16    0.00e+00    2.71e-04    0.00e+00    0.00e+00   

  w       arg(unw)   tau(M)      tau/2L    note
  0.150   -1.558     -0.138      -0.02     
  0.175   -1.562     -0.113      -0.02     
  0.200   -1.564     -0.074      -0.01     
  0.225   -1.565     -0.051      -0.01     
  0.250   -1.566     -0.036      -0.01     
  0.275   -1.567     -0.027      -0.00     
  0.300   -1.568     -0.021      -0.00     
  0.320   -1.568     -0.017      -0.00     
  0.330   -1.568     -0.015      -0.00     
  0.340   -1.568     -0.014      -0.00     
  0.350   -1.569     -0.013      -0.00     
  0.360   -1.569     -0.012      -0.00     
  0.370   -1.569     -0.011      -0.00     <- GR QNM Re 0.3737
  0.380   -1.569     -0.010      -0.00     <- GR QNM Re 0.3737
  0.390   -1.569     -0.009      -0.00     
  0.400   -1.569     -0.008      -0.00     
  0.410   -1.569     -0.008      -0.00     
  0.420   -1.569     -0.007      -0.00     
  0.430   -1.569     -0.007      -0.00     
  0.440   -1.569     -0.006      -0.00     
  0.450   -1.569     -0.006      -0.00     
  0.500   -1.570     -0.004      -0.00     
  0.550   -1.570     -0.003      -0.00     
  0.600   -1.570     -0.003      -0.00     
  0.650   -1.570     -0.002      -0.00     
  0.700   -1.570     -0.002      -0.00     
  0.750   -1.570     -0.001      -0.00     
  0.800   -1.570     -0.001      -0.00     
  0.850   -1.570     -0.001      -0.00     
  0.860   -1.570     -0.001      -0.00     
  0.870   -1.570     -0.001      -0.00     
  0.880   -1.570     -0.001      -0.00     
  0.890   -1.570     -0.001      -0.00     <- sqrt(Vmax)=0.9011
  0.900   -1.570     -0.001      -0.00     <- sqrt(Vmax)=0.9011
  0.910   -1.570     -0.001      -0.00     <- sqrt(Vmax)=0.9011
  0.920   -1.570     -0.001      -0.00     
  0.930   -1.570     -0.001      -0.00     
  0.940   -1.570     -0.001      -0.00     
  0.950   -1.571     -0.001      -0.00     
  0.960   -1.571     -0.001      -0.00     
  1.000   -1.571     -0.001      -0.00     
  1.050   -1.571     -0.000      -0.00     
  1.100   -1.571     -0.000      -0.00     
  1.150   -1.571     -0.000      -0.00     
  1.200   -1.571     -0.000      -0.00     

  max|tau|=0.14 M at w=0.150 (tau/2L=0.02).

Done.
