T3: g=diag(-1, e^{2Hx}, 1, 1)   期望非零: Gam[1][1][3]=H, Gam[1][3][1]=H, Gam[3][1][1]=-H*e^{2Hx}
  g      = [[-1, 0, 0, 0], [0, exp(2*H*x), 0, 0], [0, 0, 1, 0], [0, 0, 0, 1]]
  dg[0]  = [[0, 0, 0, 0], [0, 0, 0, 0], [0, 0, 0, 0], [0, 0, 0, 0]]
  dg[1]  = [[0, 0, 0, 0], [0, 0, 0, 0], [0, 0, 0, 0], [0, 0, 0, 0]]
  dg[2]  = [[0, 0, 0, 0], [0, 0, 0, 0], [0, 0, 0, 0], [0, 0, 0, 0]]
  dg[3]  = [[0, 0, 0, 0], [0, 2*H*exp(2*H*x), 0, 0], [0, 0, 0, 0], [0, 0, 0, 0]]
   Gam(1, 1, 3) = H
   Gam(1, 3, 1) = H
   Gam(3, 1, 1) = -H*exp(2*H*x)

T7: g=diag(-1, e^{2Hr}, 1, 1)   期望非零: Gam[1][1][1]=H
  g      = [[-1, 0, 0, 0], [0, exp(2*H*r), 0, 0], [0, 0, 1, 0], [0, 0, 0, 1]]
  dg[0]  = [[0, 0, 0, 0], [0, 0, 0, 0], [0, 0, 0, 0], [0, 0, 0, 0]]
  dg[1]  = [[0, 0, 0, 0], [0, 2*H*exp(2*H*r), 0, 0], [0, 0, 0, 0], [0, 0, 0, 0]]
  dg[2]  = [[0, 0, 0, 0], [0, 0, 0, 0], [0, 0, 0, 0], [0, 0, 0, 0]]
  dg[3]  = [[0, 0, 0, 0], [0, 0, 0, 0], [0, 0, 0, 0], [0, 0, 0, 0]]
   Gam(1, 1, 1) = H
